418495
459696
093680
951604
198089
987619
992331
695695
641455
625074
396070
484809
232133
180457
024540
306019
301792
257861
287527
209767
917239
771236
835880
007810
458541
784692
405452
634690
172953
001213
788299
754475
227248
828952
706810
414794
089011
212962
767816
010225
381730
860632
811315
150793
171541
212825
244173
687142
773201
988502
583798
026140
156325
985432
108237
347123
393655
945587
069858
560589
021117
524951
911162
978185
562119
598231
336133
150213
983394
315522
267299
960562
947634
990849
705024
910282
909483
969995
651908
846859
322603
981793
023512
223464
708732
951673
936924
233707
517160
668090
332183
463214
255580
484515
167805
235605
796447
687155
183419
071789